eventID	Volume_water	Assigned_reads	Total_species
TAFIRI-2019.05.21-RUF02-A	210	55626	21
TAFIRI-2019.05.21-RUF02-A	210	133394	28
TAFIRI-2019.05.21-RUF02-A	210	19052	21
TAFIRI-2019.05.21-RUF02-A	210	87656	19
TAFIRI-2019.05.21-RUF02-A	210	111728	20
TAFIRI-2019.05.21-RUF02-A	210	6431	15
TAFIRI-2019.05.21-RUF03-A	210	242541	29
TAFIRI-2019.05.21-RUF03-A	210	377318	24
TAFIRI-2019.05.21-RUF03-A	210	277428	25
TAFIRI-2019.05.21-RUF03-A	210	508407	27
TAFIRI-2019.05.21-RUF03-A	210	73425	29
TAFIRI-2019.05.21-RUF03-A	210	250962	28
TAFIRI-2019.05.21-RUF04-A	210	73575	31
TAFIRI-2019.05.21-RUF04-A	210	334060	33
TAFIRI-2019.05.21-RUF04-A	210	65352	29
TAFIRI-2019.05.21-RUF04-A	210	277695	36
TAFIRI-2019.05.21-RUF04-A	210	280063	36
TAFIRI-2019.05.21-RUF04-A	210	347336	34
TAFIRI-2019.05.22-RUF02-B	200	487136	38
TAFIRI-2019.05.22-RUF02-B	200	502562	38
TAFIRI-2019.05.22-RUF02-B	200	201246	39
TAFIRI-2019.05.22-RUF02-B	200	401990	38
TAFIRI-2019.05.22-RUF02-B	200	282400	38
TAFIRI-2019.05.22-RUF02-B	200	238425	39
TAFIRI-2019.05.22-RUF02-C	210	670497	42
TAFIRI-2019.05.22-RUF02-C	210	442498	38
TAFIRI-2019.05.22-RUF02-C	210	322160	36
TAFIRI-2019.05.22-RUF02-C	210	733612	38
TAFIRI-2019.05.22-RUF02-C	210	1049434	41
TAFIRI-2019.05.22-RUF02-C	210	471554	39
TAFIRI-2019.05.22-RUF03-B	210	238972	30
TAFIRI-2019.05.22-RUF03-B	210	229647	28
TAFIRI-2019.05.22-RUF03-B	210	163853	34
TAFIRI-2019.05.22-RUF03-B	210	165558	34
TAFIRI-2019.05.22-RUF03-B	210	287375	31
TAFIRI-2019.05.22-RUF03-B	210	95213	30
TAFIRI-2019.05.22-RUF05-A	280	197416	33
TAFIRI-2019.05.22-RUF05-A	280	160966	36
TAFIRI-2019.05.22-RUF05-A	280	150005	30
TAFIRI-2019.05.22-RUF05-A	280	158463	32
TAFIRI-2019.05.22-RUF05-A	280	252236	42
TAFIRI-2019.05.23-RUF06-A	180	276554	17
TAFIRI-2019.05.23-RUF06-A	180	131021	17
TAFIRI-2019.05.23-RUF06-A	180	143589	19
TAFIRI-2019.05.23-RUF06-A	180	58863	27
TAFIRI-2019.05.23-RUF06-A	180	199297	18
TAFIRI-2019.05.23-RUF06-A	180	344922	18
TAFIRI-2019.05.23-RUF07-A	420	144393	17
TAFIRI-2019.05.23-RUF07-A	420	132759	14
TAFIRI-2019.05.23-RUF07-A	420	147779	12
TAFIRI-2019.05.23-RUF07-A	420	106023	12
TAFIRI-2019.05.23-RUF07-A	420	104816	13
TAFIRI-2019.05.23-RUF07-A	420	167999	14
TAFIRI-2019.05.23-RUF08-A	210	31661	6
TAFIRI-2019.05.23-RUF08-A	210	23758	10
TAFIRI-2019.05.23-RUF08-A	210	90412	11
TAFIRI-2019.05.23-RUF08-A	210	140340	12
TAFIRI-2019.05.23-RUF08-A	210	63058	16
TAFIRI-2019.05.23-RUF08-A	210	343370	11
TAFIRI-2020.07.01-RUF08-B	50	1312	8
TAFIRI-2020.07.01-RUF08-B	50	22007	7
TAFIRI-2020.07.01-RUF08-B	50	9424	4
TAFIRI-2020.07.01-RUF09-A	250	262689	12
TAFIRI-2020.07.01-RUF09-A	250	204970	12
TAFIRI-2020.07.01-RUF09-A	250	758408	13
TAFIRI-2020.07.01-RUF10-A	150	355627	9
TAFIRI-2020.07.01-RUF10-A	150	437434	10
TAFIRI-2020.07.01-RUF10-A	150	331450	9
TAFIRI-2020.07.01-RUF11-A	150	784300	43
TAFIRI-2020.07.01-RUF11-A	150	824389	43
TAFIRI-2020.07.01-RUF11-A	150	166661	46
TAFIRI-2020.07.02-RUF12-A	150	952135	33
TAFIRI-2020.07.02-RUF12-A	150	511968	31
TAFIRI-2020.07.02-RUF12-A	150	186879	30
TAFIRI-2020.07.02-RUF13-A	250	64474	21
TAFIRI-2020.07.02-RUF13-A	250	737253	22
TAFIRI-2020.07.02-RUF13-A	250	151045	21
TAFIRI-2020.07.02-RUF14-A	250	820715	29
TAFIRI-2020.07.02-RUF14-A	250	1013663	29
TAFIRI-2020.07.02-RUF14-A	250	556997	31
TAFIRI-2020.07.02-RUF15-A	250	141257	17
TAFIRI-2020.07.02-RUF15-A	250	82064	11
TAFIRI-2020.07.02-RUF15-A	250	160426	12
TAFIRI-2020.07.02-RUF16-A	200	142989	18
TAFIRI-2020.07.02-RUF16-A	200	174001	17
TAFIRI-2020.07.02-RUF16-A	200	312746	14
TAFIRI-2020.07.03-RUF02-D	250	613362	39
TAFIRI-2020.07.03-RUF02-D	250	481213	39
TAFIRI-2020.07.03-RUF02-D	250	174053	36
TAFIRI-2020.07.03-RUF10-B	250	401813	13
TAFIRI-2020.07.03-RUF10-B	250	220558	12
TAFIRI-2020.07.03-RUF10-B	250	443197	11
TAFIRI-2020.07.03-RUF17-A	250	307294	25
TAFIRI-2020.07.03-RUF17-A	250	155102	25
TAFIRI-2020.07.03-RUF17-A	250	222181	22
TAFIRI-2020.07.03-RUF17-B	250	510965	24
TAFIRI-2020.07.03-RUF17-B	250	199652	22
TAFIRI-2020.07.03-RUF17-B	250	141240	23
TAFIRI-2020.07.03-RUF18-A	250	266189	23
TAFIRI-2020.07.03-RUF18-A	250	261248	22
TAFIRI-2020.07.03-RUF18-A	250	134994	19
TAFIRI-2020.07.03-RUF19-A	150	231620	31
TAFIRI-2020.07.03-RUF19-A	150	484690	27
TAFIRI-2020.07.03-RUF19-A	150	570150	32
TAFIRI-2020.07.04-RUF02-E	200	1032261	37
TAFIRI-2020.07.04-RUF02-E	200	522142	39
TAFIRI-2020.07.04-RUF02-E	200	434324	37
TAFIRI-2020.07.04-RUF02-F	200	376932	38
TAFIRI-2020.07.04-RUF02-F	200	843075	32
TAFIRI-2020.07.04-RUF02-F	200	536399	36
TAFIRI-2020.07.04-RUF02-G	150	444962	38
TAFIRI-2020.07.04-RUF02-G	150	252108	28
TAFIRI-2020.07.04-RUF02-G	150	399093	37
TAFIRI-2020.07.04-RUF02-H	150	690903	37
TAFIRI-2020.07.04-RUF02-H	150	215533	36
TAFIRI-2020.07.04-RUF02-H	150	372815	35
TAFIRI-2020.07.04-RUF02-I	150	335475	37
TAFIRI-2020.07.04-RUF02-I	150	511746	37
TAFIRI-2020.07.04-RUF02-J	150	466717	37
TAFIRI-2020.07.04-RUF02-J	150	361176	33
TAFIRI-2020.07.04-RUF02-J	150	253724	38
TAFIRI-2020.07.04-RUF07-B	150	268424	16
TAFIRI-2020.07.04-RUF07-B	150	446622	17
TAFIRI-2020.07.04-RUF07-B	150	285051	15
TAFIRI-2020.07.04-RUF20-A	150	426795	22
TAFIRI-2020.07.04-RUF20-A	150	710420	22
TAFIRI-2020.07.04-RUF20-A	150	1904	24
TAFIRI-2020.07.23-RUF21-A	200	41854	21
TAFIRI-2020.07.23-RUF21-A	200	58451	18
TAFIRI-2020.07.23-RUF21-A	200	80861	22
TAFIRI-2020.07.23-RUF21-B	200	365351	24
TAFIRI-2020.07.23-RUF21-B	200	449633	21
TAFIRI-2020.07.23-RUF21-B	200	749463	21
TAFIRI-2020.07.23-RUF22-A	150	680070	19
TAFIRI-2020.07.23-RUF22-A	150	424013	23
TAFIRI-2020.07.23-RUF22-A	150	1866218	21
TAFIRI-2020.07.23-RUF23-A	200	378100	28
TAFIRI-2020.07.23-RUF23-A	200	331881	23
TAFIRI-2020.07.23-RUF23-B	150	330742	25
TAFIRI-2020.07.23-RUF23-B	150	750110	29
TAFIRI-2020.07.23-RUF23-B	150	565035	22
TAFIRI-2020.07.23-RUF24-A	150	1240344	15
TAFIRI-2020.07.23-RUF24-A	150	561008	16
TAFIRI-2020.07.23-RUF24-A	150	701786	17
TAFIRI-2020.07.24-RUF25-A	100	667642	23
TAFIRI-2020.07.24-RUF25-A	100	376290	22
TAFIRI-2020.07.24-RUF25-A	100	875915	26
TAFIRI-2020.07.24-RUF26-A	150	331358	22
TAFIRI-2020.07.24-RUF26-A	150	280391	20
TAFIRI-2020.07.24-RUF26-A	150	214567	17
TAFIRI-2020.07.24-RUF27-A	200	571	9
TAFIRI-2020.07.24-RUF27-A	200	4522	15
TAFIRI-2020.07.24-RUF27-A	200	33556	15
TAFIRI-2020.07.24-RUF28-A	150	1285366	31
TAFIRI-2020.07.24-RUF28-A	150	1103508	31
TAFIRI-2020.07.24-RUF28-A	150	1200198	31
TAFIRI-2020.07.25-RUF29-A	150	6972	21
TAFIRI-2020.07.25-RUF29-A	150	72863	20
TAFIRI-2020.07.25-RUF29-A	150	1885	18
TAFIRI-2020.07.25-RUF29-B	150	22633	15
TAFIRI-2020.07.25-RUF29-B	150	17527	20
TAFIRI-2020.07.25-RUF29-B	150	21927	19
TAFIRI-2020.07.25-RUF29-C	150	83301	19
TAFIRI-2020.07.25-RUF29-C	150	104906	21
TAFIRI-2020.07.25-RUF29-C	150	29131	16
TAFIRI-2020.07.25-RUF30-A	250	275023	27
TAFIRI-2020.07.25-RUF30-A	250	160282	22
TAFIRI-2020.07.25-RUF30-A	250	66660	18
TAFIRI-2020.07.25-RUF31-A	250	284956	22
TAFIRI-2020.07.25-RUF31-A	250	533380	22
TAFIRI-2020.07.25-RUF31-A	250	1636777	27
TAFIRI-2020.07.25-RUF32-A	250	213901	21
TAFIRI-2020.07.25-RUF32-A	250	274789	20
TAFIRI-2020.07.25-RUF32-A	250	302172	23